


 13 13  0  0001  0  0  0  0  0999 V2000
    4.5396   -1.2315    0.0000 O   0  0  0  0  0  0  0  0  0  0  0
    3.1116   -4.3366    0.0000 O   0  0  0  0  0  0  0  0  0  0  0
    6.0070   -4.3300    0.0000 O   0  0  0  0  0  0  0  0  0  0  0
    6.5507   -1.0743    0.0000 O   0  0  0  0  0  0  0  0  0  0  0
    2.3190    0.0000    0.0000 O   0  0  0  0  0  0  0  0  0  0  0
    0.0000   -1.3232    0.0000 O   0  0  0  0  0  0  0  0  0  0  0
    3.4653   -2.0045    0.0000 C   0  0  0  0  0  0  0  0  0  0  0
    3.8911   -3.2557    0.0000 C   0  0  0  0  0  0  0  0  0  0  0
    5.2209   -3.2557    0.0000 C   0  0  0  0  0  0  0  0  0  0  0
    5.6140   -2.0176    0.0000 C   0  0  0  0  0  0  0  0  0  0  0
    2.3190   -1.3429    0.0000 C   0  0  0  0  0  0  0  0  0  0  0
    1.1726   -2.0045    0.0000 C   0  0  0  0  0  0  0  0  0  0  0
    2.4238   -2.8561    0.0000 H   0  0  0  0  0  0  0  0  0  0  0
  1  7  1  0
  1 10  1  0
  2  8  1  0
  3  9  1  0
  4 10  2  0
 11  5  1  6
  6 12  1  0
  7  8  1  0
  7 11  1  0
  7 13  1  6
  8  9  2  0
  9 10  1  0
 11 12  1  0
M  END

> <StdInChI>
InChI=1S/C6H8O6/c7-1-2(8)5-3(9)4(10)6(11)12-5/h2,5,7-10H,1H2/t2-,5+/m0/s1

> <StdInChIKey>
CIWBSHSKHKDKBQ-JLAZNSOCSA-N

> <AuxInfo>
1/0/N:12,11,8,9,7,10,6,5,2,3,4,1/it:im/rA:13cOOOOOOCCCCCCH/rB:;;;;;s1;s2s7;s3d8;s1d4s9;n5s7;s6s11;N7;/rC:4.5396,-1.2315,0;3.1116,-4.3366,0;6.007,-4.33,0;6.5507,-1.0743,0;2.319,0,0;0,-1.3232,0;3.4653,-2.0045,0;3.8911,-3.2557,0;5.2209,-3.2557,0;5.614,-2.0176,0;2.319,-1.3429,0;1.1726,-2.0045,0;2.4238,-2.8561,0;

> <Formula>
C6 H8 O6

> <Mw>
176.1241

> <SMILES>
O1C(C(=C([C@@]1([H])[C@H](CO)O)O)O)=O

> <CSID>
10189562

$$$$
