
Chlorophyll.MOL

137145  0  0  0                 1 V2000
    6.8964    6.2548    3.8886 Mg  0  0  0  0  0
    8.8875    6.2363    4.2934 N   0  0  0  0  0
    7.0061    4.3670    3.4588 N   0  0  0  0  0
    4.8706    6.2852    3.3596 N   0  0  0  0  0
    6.8235    8.1911    4.3586 N   0  0  0  0  0
    8.0630    3.5713    3.6105 C   0  0  0  0  0
    7.6642    2.2423    3.0338 C   0  0  0  0  0
    6.3623    2.3628    2.8016 C   0  0  0  0  0
    5.9715    3.6620    3.0271 C   0  0  0  0  0
    4.1533    5.2500    3.0946 C   0  0  0  0  0
    2.6588    5.7056    2.9391 C   0  0  0  0  0
    2.6976    7.1394    3.4723 C   0  0  0  0  0
    4.0926    7.3794    3.7032 C   0  0  0  0  0
    5.7792    8.9327    4.3582 C   0  0  0  0  0
    6.1266   10.2928    4.7739 C   0  0  0  0  0
    7.4400   10.3353    5.0395 C   0  0  0  0  0
    7.9412    8.9375    4.7497 C   0  0  0  0  0
    9.5913    7.2713    4.5305 C   0  0  0  0  0
   11.0075    6.8745    4.7155 C   0  0  0  0  0
   11.1226    5.6335    4.1822 C   0  0  0  0  0
    9.7128    5.1486    4.0139 C   0  0  0  0  0
    9.2941    3.9510    3.7071 C   0  0  0  0  0
    9.1657    8.4800    4.8408 C   0  0  0  0  0
    4.4957    8.5682    4.0627 C   0  0  0  0  0
    4.7283    3.9222    2.7762 C   0  0  0  0  0
    8.1330   11.6094    5.5366 C   0  0  0  0  0
    9.4176   11.8358    5.8582 C   0  0  0  0  0
    5.1430   11.4404    4.8993 C   0  0  0  0  0
    2.0034    8.2606    2.6325 C   0  0  0  0  0
    1.4648    4.7426    3.4364 C   0  0  0  0  0
    0.0568    4.9041    2.8028 C   0  0  0  0  0
   -0.2442    3.7931    1.8288 C   0  0  0  0  0
    0.6856    3.0553    1.4546 O   0  0  0  0  0
   -1.5623    3.5805    1.4223 O   0  0  0  0  0
    8.5663    1.0453    2.9152 C   0  0  0  0  0
   12.1368    7.8061    5.1390 C   0  0  0  0  0
    4.1468    2.5627    2.0537 C   0  0  0  0  0
    5.3006    1.5976    2.4190 C   0  0  0  0  0
    5.2640    0.3806    2.2979 O   0  0  0  0  0
    3.7507    2.8472    0.4630 C   0  0  0  0  0
    3.2503    3.9402    0.1889 O   0  0  0  0  0
    3.8339    2.0594   -0.7481 O   0  0  0  0  0
    4.3043    0.7043   -0.9479 C   0  0  0  0  0
   -1.6095    2.4740    0.5490 C   0  0  0  0  0
   -3.0222    2.0716    0.1709 C   0  0  0  0  0
   -3.2556    0.9329   -0.5031 C   0  0  0  0  0
   -4.7075    0.5572   -0.8440 C   0  0  0  0  0
   -4.7744   -0.8533   -1.4798 C   0  0  0  0  0
   -6.2021   -1.3535   -1.6926 C   0  0  0  0  0
   -6.1408   -2.8320   -2.1518 C   0  0  0  0  0
   -7.5737   -3.3192   -2.4623 C   0  0  0  0  0
   -7.5171   -4.7768   -2.9626 C   0  0  0  0  0
   -8.9234   -5.3513   -3.1904 C   0  0  0  0  0
   -8.8076   -6.8598   -3.4944 C   0  0  0  0  0
   -2.0720    0.0054   -0.9069 C   0  0  0  0  0
   -5.4839   -3.7307   -1.0231 C   0  0  0  0  0
   -8.2360   -7.6350   -2.2397 C   0  0  0  0  0
  -10.1975   -7.3989   -3.8707 C   0  0  0  0  0
  -10.0756   -8.8685   -4.2920 C   0  0  0  0  0
  -11.4568   -9.4480   -4.6131 C   0  0  0  0  0
  -11.3220  -10.9414   -4.9845 C   0  0  0  0  0
  -10.7818  -11.7832   -3.7905 C   0  0  0  0  0
  -12.7010  -11.4816   -5.3842 C   0  0  0  0  0
   12.5039    4.9003    4.4121 C   0  0  0  0  0
   12.3567    3.4251    3.9952 C   0  0  0  0  0
    2.3605    5.6431    1.9867 H   0  0  0  0  0
    2.1283    7.1989    4.2922 H   0  0  0  0  0
    9.9845    3.2310    3.6365 H   0  0  0  0  0
    9.8606    9.1365    5.1344 H   0  0  0  0  0
    3.7974    9.2811    4.1280 H   0  0  0  0  0
    7.5306   12.4012    5.6378 H   0  0  0  0  0
    9.7027   12.7420    6.1700 H   0  0  0  0  0
   10.0886   11.0978    5.7858 H   0  0  0  0  0
    5.6263   12.2630    5.1989 H   0  0  0  0  0
    4.4392   11.2051    5.5696 H   0  0  0  0  0
    4.7141   11.6109    4.0122 H   0  0  0  0  0
    2.1073    9.1393    3.0982 H   0  0  0  0  0
    1.0309    8.0495    2.5333 H   0  0  0  0  0
    2.4270    8.3110    1.7281 H   0  0  0  0  0
    1.7569    3.8014    3.2661 H   0  0  0  0  0
    1.3620    4.8873    4.4205 H   0  0  0  0  0
   -0.6295    4.8928    3.5300 H   0  0  0  0  0
    0.0169    5.7788    2.3197 H   0  0  0  0  0
    8.0321    0.2526    2.6217 H   0  0  0  0  0
    8.9856    0.8541    3.8027 H   0  0  0  0  0
    9.2819    1.2321    2.2422 H   0  0  0  0  0
   13.0008    7.3026    5.1439 H   0  0  0  0  0
   11.9522    8.1590    6.0563 H   0  0  0  0  0
   12.1996    8.5687    4.4952 H   0  0  0  0  0
    3.2681    2.1813    2.3407 H   0  0  0  0  0
    4.2262    0.4629   -1.9152 H   0  0  0  0  0
    3.7508    0.0750   -0.4021 H   0  0  0  0  0
    5.2610    0.6378   -0.6645 H   0  0  0  0  0
   -1.1111    2.7068   -0.2861 H   0  0  0  0  0
   -1.1666    1.6970    0.9964 H   0  0  0  0  0
   -3.7889    2.6606    0.4264 H   0  0  0  0  0
   -5.2538    0.5657   -0.0064 H   0  0  0  0  0
   -5.0763    1.2258   -1.4898 H   0  0  0  0  0
   -4.3131   -0.8238   -2.3665 H   0  0  0  0  0
   -4.2998   -1.4954   -0.8778 H   0  0  0  0  0
   -6.7139   -1.2872   -0.8362 H   0  0  0  0  0
   -6.6520   -0.8008   -2.3941 H   0  0  0  0  0
   -5.5776   -2.9054   -2.9747 H   0  0  0  0  0
   -8.1300   -3.2720   -1.6326 H   0  0  0  0  0
   -7.9783   -2.7387   -3.1689 H   0  0  0  0  0
   -7.0118   -4.8043   -3.8251 H   0  0  0  0  0
   -7.0448   -5.3356   -2.2809 H   0  0  0  0  0
   -9.4774   -5.2167   -2.3688 H   0  0  0  0  0
   -9.3544   -4.8859   -3.9635 H   0  0  0  0  0
   -8.1760   -6.9997   -4.2569 H   0  0  0  0  0
   -2.4245   -0.7910   -1.3983 H   0  0  0  0  0
   -1.5898   -0.2976   -0.0848 H   0  0  0  0  0
   -1.4404    0.5080   -1.4973 H   0  0  0  0  0
   -5.4500   -4.6816   -1.3310 H   0  0  0  0  0
   -6.0307   -3.6706   -0.1881 H   0  0  0  0  0
   -4.5559   -3.4079   -0.8374 H   0  0  0  0  0
   -8.1670   -8.6095   -2.4525 H   0  0  0  0  0
   -8.8494   -7.5069   -1.4603 H   0  0  0  0  0
   -7.3296   -7.2791   -2.0120 H   0  0  0  0  0
  -10.8079   -7.3275   -3.0818 H   0  0  0  0  0
  -10.5688   -6.8639   -4.6295 H   0  0  0  0  0
   -9.4951   -8.9313   -5.1039 H   0  0  0  0  0
   -9.6639   -9.3920   -3.5461 H   0  0  0  0  0
  -12.0495   -9.3568   -3.8129 H   0  0  0  0  0
  -11.8557   -8.9491   -5.3825 H   0  0  0  0  0
  -10.6733  -11.0165   -5.7418 H   0  0  0  0  0
  -10.7072  -12.7420   -4.0648 H   0  0  0  0  0
  -11.4103  -11.7064   -3.0165 H   0  0  0  0  0
   -9.8806  -11.4425   -3.5226 H   0  0  0  0  0
  -12.6232  -12.4487   -5.6263 H   0  0  0  0  0
  -13.0456  -10.9684   -6.1700 H   0  0  0  0  0
  -13.3343  -11.3806   -4.6168 H   0  0  0  0  0
   12.9167    4.9537    5.4195 H   0  0  0  0  0
   13.1726    5.4091    3.7179 H   0  0  0  0  0
   13.3343    2.9433    4.0132 H   0  0  0  0  0
   11.9438    3.3718    2.9878 H   0  0  0  0  0
   11.6880    2.9163    4.6894 H   0  0  0  0  0
  1  2  1  0  0  0
  1  3  1  0  0  0
  1  4  1  0  0  0
  1  5  1  0  0  0
  2 18  1  0  0  0
  2 21  1  0  0  0
  3  6  1  0  0  0
  3  9  1  0  0  0
  4 10  1  0  0  0
  4 13  1  0  0  0
  5 14  1  0  0  0
  5 17  1  0  0  0
  6  7  2  0  0  0
  6 22  1  0  0  0
  7  8  1  0  0  0
  7 35  1  0  0  0
  8  9  2  0  0  0
  8 38  1  0  0  0
  9 25  1  0  0  0
 10 11  1  0  0  0
 10 25  2  0  0  0
 11 12  1  0  0  0
 11 30  1  0  0  0
 11 66  1  6  0  0
 12 13  1  0  0  0
 12 29  1  6  0  0
 12 67  1  1  0  0
 13 24  2  0  0  0
 14 15  2  0  0  0
 14 24  1  0  0  0
 15 16  1  0  0  0
 15 28  1  0  0  0
 16 17  2  0  0  0
 16 26  1  0  0  0
 17 23  1  0  0  0
 18 19  1  0  0  0
 18 23  2  0  0  0
 19 20  2  0  0  0
 19 36  1  0  0  0
 20 21  1  0  0  0
 20 64  1  0  0  0
 21 22  2  0  0  0
 22 68  1  0  0  0
 23 69  1  0  0  0
 24 70  1  0  0  0
 25 37  1  0  0  0
 26 27  2  0  0  0
 26 71  1  0  0  0
 27 72  1  0  0  0
 27 73  1  0  0  0
 28 74  1  0  0  0
 28 75  1  1  0  0
 28 76  1  6  0  0
 29 77  1  1  0  0
 29 78  1  0  0  0
 29 79  1  6  0  0
 30 31  1  0  0  0
 30 80  1  0  0  0
 30 81  1  1  0  0
 31 32  1  6  0  0
 31 82  1  1  0  0
 31 83  1  6  0  0
 32 33  2  0  0  0
 32 34  1  0  0  0
 34 44  1  6  0  0
 35 84  1  0  0  0
 35 85  1  1  0  0
 35 86  1  6  0  0
 36 87  1  0  0  0
 36 88  1  1  0  0
 36 89  1  6  0  0
 37 38  1  0  0  0
 37 40  1  6  0  0
 37 90  1  0  0  0
 38 39  2  0  0  0
 40 41  2  0  0  0
 40 42  1  6  0  0
 42 43  1  0  0  0
 43 91  1  6  0  0
 43 92  1  1  0  0
 43 93  1  0  0  0
 44 45  1  0  0  0
 44 94  1  6  0  0
 44 95  1  1  0  0
 45 46  2  0  0  0
 45 96  1  0  0  0
 46 47  1  0  0  0
 46 55  1  0  0  0
 47 48  1  0  0  0
 47 97  1  1  0  0
 47 98  1  6  0  0
 48 49  1  0  0  0
 48 99  1  6  0  0
 48100  1  1  0  0
 49 50  1  0  0  0
 49101  1  1  0  0
 49102  1  6  0  0
 50 51  1  0  0  0
 50 56  1  1  0  0
 50103  1  6  0  0
 51 52  1  0  0  0
 51104  1  1  0  0
 51105  1  6  0  0
 52 53  1  0  0  0
 52106  1  6  0  0
 52107  1  1  0  0
 53 54  1  0  0  0
 53108  1  1  0  0
 53109  1  6  0  0
 54 57  1  1  0  0
 54 58  1  0  0  0
 54110  1  6  0  0
 55111  1  6  0  0
 55112  1  1  0  0
 55113  1  6  0  0
 56114  1  0  0  0
 56115  1  1  0  0
 56116  1  0  0  0
 57117  1  0  0  0
 57118  1  1  0  0
 57119  1  0  0  0
 58 59  1  0  0  0
 58120  1  1  0  0
 58121  1  6  0  0
 59 60  1  0  0  0
 59122  1  6  0  0
 59123  1  1  0  0
 60 61  1  0  0  0
 60124  1  1  0  0
 60125  1  6  0  0
 61 62  1  1  0  0
 61 63  1  0  0  0
 61126  1  6  0  0
 62127  1  0  0  0
 62128  1  1  0  0
 62129  1  0  0  0
 63130  1  0  0  0
 63131  1  6  0  0
 63132  1  1  0  0
 64 65  1  0  0  0
 64133  1  1  0  0
 64134  1  6  0  0
 65135  1  0  0  0
 65136  1  6  0  0
 65137  1  1  0  0
M  END
