5459882
  -OEChem-08221622323D

 26 28  0     1  0  0  0  0  0999 V2000
    2.1849   -1.9969    0.0836 S   0  0  0  0  0  0  0  0  0  0  0  0
   -0.9087   -1.7234    0.3677 S   0  0  0  0  0  0  0  0  0  0  0  0
    5.5700    0.5600    0.5895 O   0  0  0  0  0  0  0  0  0  0  0  0
    3.6252    1.5329    1.2728 O   0  0  0  0  0  0  0  0  0  0  0  0
   -5.7897   -0.2547    0.4829 O   0  0  0  0  0  0  0  0  0  0  0  0
    2.2488    0.4832   -0.7658 N   0  0  0  0  0  0  0  0  0  0  0  0
   -0.6031    0.8077   -0.5180 N   0  0  0  0  0  0  0  0  0  0  0  0
    3.6590    0.1584   -0.7128 C   0  0  2  0  0  0  0  0  0  0  0  0
    3.7732   -1.3733   -0.6172 C   0  0  0  0  0  0  0  0  0  0  0  0
    1.3835   -0.4886   -0.3320 C   0  0  0  0  0  0  0  0  0  0  0  0
    0.0560   -0.3662   -0.2069 C   0  0  0  0  0  0  0  0  0  0  0  0
    4.2459    0.8315    0.4879 C   0  0  0  0  0  0  0  0  0  0  0  0
   -2.2903   -0.7130    0.2011 C   0  0  0  0  0  0  0  0  0  0  0  0
   -1.8697    0.6136   -0.2954 C   0  0  0  0  0  0  0  0  0  0  0  0
   -3.5578   -1.0234    0.4623 C   0  0  0  0  0  0  0  0  0  0  0  0
   -2.9192    1.6255   -0.5044 C   0  0  0  0  0  0  0  0  0  0  0  0
   -4.6116   -0.0038    0.2518 C   0  0  0  0  0  0  0  0  0  0  0  0
   -4.1967    1.3304   -0.2471 C   0  0  0  0  0  0  0  0  0  0  0  0
    4.1684    0.5426   -1.6032 H   0  0  0  0  0  0  0  0  0  0  0  0
    3.8700   -1.8017   -1.6207 H   0  0  0  0  0  0  0  0  0  0  0  0
    4.6112   -1.7242   -0.0088 H   0  0  0  0  0  0  0  0  0  0  0  0
    1.9109    1.4121   -0.9863 H   0  0  0  0  0  0  0  0  0  0  0  0
   -3.8609   -1.9984    0.8264 H   0  0  0  0  0  0  0  0  0  0  0  0
   -2.6275    2.6036   -0.8685 H   0  0  0  0  0  0  0  0  0  0  0  0
   -4.9765    2.0691   -0.3979 H   0  0  0  0  0  0  0  0  0  0  0  0
    5.9740    0.9932    1.3713 H   0  0  0  0  0  0  0  0  0  0  0  0
  1  9  1  0  0  0  0
  1 10  1  0  0  0  0
  2 11  1  0  0  0  0
  2 13  1  0  0  0  0
  3 12  1  0  0  0  0
  3 26  1  0  0  0  0
  4 12  2  0  0  0  0
  5 17  2  0  0  0  0
  6  8  1  0  0  0  0
  6 10  1  0  0  0  0
  6 22  1  0  0  0  0
  7 11  1  0  0  0  0
  7 14  2  0  0  0  0
  8  9  1  0  0  0  0
  8 12  1  0  0  0  0
  8 19  1  0  0  0  0
  9 20  1  0  0  0  0
  9 21  1  0  0  0  0
 10 11  2  0  0  0  0
 13 14  1  0  0  0  0
 13 15  2  0  0  0  0
 14 16  1  0  0  0  0
 15 17  1  0  0  0  0
 15 23  1  0  0  0  0
 16 18  2  0  0  0  0
 16 24  1  0  0  0  0
 17 18  1  0  0  0  0
 18 25  1  0  0  0  0
M  END
> <PUBCHEM_COMPOUND_CID>
5459882

> <PUBCHEM_CONFORMER_RMSD>
0.6

> <PUBCHEM_CONFORMER_DIVERSEORDER>
1
2

> <PUBCHEM_MMFF94_PARTIAL_CHARGES>
23
1 -0.33
10 0.2
11 0.27
12 0.66
13 0.12
14 0.42
15 -0.14
16 -0.14
17 0.54
18 -0.14
2 -0.2
22 0.4
23 0.15
24 0.15
25 0.15
26 0.5
3 -0.65
4 -0.57
5 -0.57
6 -0.87
7 -0.62
8 0.43
9 0.23

> <PUBCHEM_EFFECTIVE_ROTOR_COUNT>
1.8

> <PUBCHEM_PHARMACOPHORE_FEATURES>
10
1 3 acceptor
1 4 acceptor
1 5 acceptor
1 6 cation
1 6 donor
1 7 acceptor
3 3 4 12 anion
5 1 6 8 9 10 rings
5 2 7 11 13 14 rings
6 13 14 15 16 17 18 rings

> <PUBCHEM_HEAVY_ATOM_COUNT>
18

> <PUBCHEM_ATOM_DEF_STEREO_COUNT>
1

> <PUBCHEM_ATOM_UDEF_STEREO_COUNT>
0

> <PUBCHEM_BOND_DEF_STEREO_COUNT>
1

> <PUBCHEM_BOND_UDEF_STEREO_COUNT>
0

> <PUBCHEM_ISOTOPIC_ATOM_COUNT>
0

> <PUBCHEM_COMPONENT_COUNT>
1

> <PUBCHEM_CACTVS_TAUTO_COUNT>
1

> <PUBCHEM_CONFORMER_ID>
00534FAA00000001

> <PUBCHEM_MMFF94_ENERGY>
44.765

> <PUBCHEM_FEATURE_SELFOVERLAP>
50.883

> <PUBCHEM_SHAPE_FINGERPRINT>
10 15 18335413626084476800
10608611 8 18410573955292467028
11128504 68 14548734036580449528
11132069 177 18187367618907734765
11543360 7 16988835090514942509
11595378 159 17530952553953985617
12236239 1 16515684450572871764
12403259 415 18336548213834316365
12507560 40 18410010996596169398
12916748 109 18333737905263574235
13081056 2 18413110541365439599
13140716 1 18045223996624316529
13533116 47 18271529693211361058
13675066 3 18335426767935127447
13955234 65 17988645143137462134
15042514 8 18115879671047254955
15196674 1 18262521390582126015
15219456 202 18411700963221900126
15375358 24 18335141994244302247
15536298 74 18336267842622125934
17349148 13 17313108574601252175
17834072 33 17704068516911849719
1813 80 15791732958516148582
18186145 218 18337678494596997934
18785283 64 18122908891358676145
200 152 18059857242671079775
20510252 161 18339364063540337953
20645477 56 18411418427314258399
20645477 70 17845941732217676926
21267235 1 18261406506871122535
21452121 103 18341325622523147706
21618674 25 18341893013166888874
22854114 59 18413109467607810696
23402539 116 18260543467969279383
23557571 272 18188502271841928069
23559900 14 18335705992639164518
2916195 48 18343295981086974929
351380 180 18411136943700185729
3545911 37 18411422804160265614
4047638 21 17917714608683722966
4214541 1 18334861558997570741
495365 180 18060693984000028522
5104073 3 18261960618298274905
5374978 207 18409446973022269330
542803 24 16272210773561862051
59682541 35 18261680388835842657
59755656 215 18410862027988232758
69090 78 18412263939124733183
7364860 26 18268990891410023966
77779 3 18336832996099277591
9709674 26 18335149682299435935

> <PUBCHEM_SHAPE_MULTIPOLES>
350.56
11.33
1.78
0.86
0.46
0.32
0.07
-2.5
1.78
-0.3
0.11
-0.54
-0.13
1.06

> <PUBCHEM_SHAPE_SELFOVERLAP>
740.892

> <PUBCHEM_SHAPE_VOLUME>
197.4

> <PUBCHEM_COORDINATE_TYPE>
2
5
10

$$$$
